# MVE view meta data is stored in INI-file syntax.
# This file is generated, formatting will get lost.

[camera]
focal_length = 0.9472414255
pixel_aspect = 1
principal_point = 0.5 0.5
rotation = 0.9997471571 0.02428688668 0.0003824045998 -0.02428821288 0.9997295737 0.006641445681 -0.0002236067812 -0.006649999879 0.9999824166
translation = -0.01024425402 -0.04427694529 -0.03439082205

[view]
id = 5
name = IMG_0196
