# MVE view meta data is stored in INI-file syntax.
# This file is generated, formatting will get lost.

[camera]
focal_length = 0.9473756552
pixel_aspect = 1
principal_point = 0.5 0.5
rotation = 0.9994502068 0.03110907227 -0.01174340863 -0.03091727942 0.9994052649 0.01567152329 0.01222048327 -0.0152981719 0.9998166561
translation = -0.4283604324 -4.741177559 -0.2027004212

[view]
id = 0
name = IMG_0191
