# MVE view meta data is stored in INI-file syntax.
# This file is generated, formatting will get lost.

[camera]
focal_length = 0.9458224177
pixel_aspect = 1
principal_point = 0.5 0.5
rotation = 0.9994176626 0.03548013046 -0.001201740466 -0.03545637801 0.9993379116 0.01468915865 0.00174250314 -0.01464308985 0.999928534
translation = -0.1737243533 -1.902763128 -0.1149251983

[view]
id = 3
name = IMG_0194
